Note that unsigned binary numbers of any bit length 
are compatible with each other, but the values for
signed numbers depend on the what the largest bit is.


unsigned 4 bit          signed 4 bit 
--------------          --------------

0000    0               0000    0
0001    1               0001    1
0010    2               0010    2
0011    3               0011    3
0100    4               0100    4
0101    5               0101    5
0110    6               0110    6
0111    7               0111    7
1000    8               1000   -8
1001    9               1001   -7
1010   10               1010   -6
1011   11               1011   -5
1100   12               1100   -4
1101   13               1101   -3
1110   14               1110   -2
1111   15               1111   -1



unsigned 8 bit          signed 8 bit 
--------------          --------------

00000000    0           00000000    0
00000001    1           00000001    1
00000010    2           00000010    2
00000011    3           00000011    3
00000100    4           00000100    4
00000101    5           00000101    5
00000110    6           00000110    6
00000111    7           00000111    7
00001000    8           00001000    8
00001001    9           00001001    9
00001010   10           00001010   10
00001011   11           00001011   11
00001100   12           00001100   12
00001101   13           00001101   13
00001110   14           00001110   14
00001111   15           00001111   15
00010000   16           00010000   16
00010001   17           00010001   17
00010010   18           00010010   18
00010011   19           00010011   19
00010100   20           00010100   20
00010101   21           00010101   21
00010110   22           00010110   22
00010111   23           00010111   23
00011000   24           00011000   24
00011001   25           00011001   25
00011010   26           00011010   26
00011011   27           00011011   27
00011100   28           00011100   28
00011101   29           00011101   29
00011110   30           00011110   30
00011111   31           00011111   31
00100000   32           00100000   32
00100001   33           00100001   33
00100010   34           00100010   34
00100011   35           00100011   35
00100100   36           00100100   36
00100101   37           00100101   37
00100110   38           00100110   38
00100111   39           00100111   39
00101000   40           00101000   40
00101001   41           00101001   41
00101010   42           00101010   42
00101011   43           00101011   43
00101100   44           00101100   44
00101101   45           00101101   45
00101110   46           00101110   46
00101111   47           00101111   47
00110000   48           00110000   48
00110001   49           00110001   49
00110010   50           00110010   50
00110011   51           00110011   51
00110100   52           00110100   52
00110101   53           00110101   53
00110110   54           00110110   54
00110111   55           00110111   55
00111000   56           00111000   56
00111001   57           00111001   57
00111010   58           00111010   58
00111011   59           00111011   59
00111100   60           00111100   60
00111101   61           00111101   61
00111110   62           00111110   62
00111111   63           00111111   63
01000000   64           01000000   64
01000001   65           01000001   65
01000010   66           01000010   66
01000011   67           01000011   67
01000100   68           01000100   68
01000101   69           01000101   69
01000110   70           01000110   70
01000111   71           01000111   71
01001000   72           01001000   72
01001001   73           01001001   73
01001010   74           01001010   74
01001011   75           01001011   75
01001100   76           01001100   76
01001101   77           01001101   77
01001110   78           01001110   78
01001111   79           01001111   79
01010000   80           01010000   80
01010001   81           01010001   81
01010010   82           01010010   82
01010011   83           01010011   83
01010100   84           01010100   84
01010101   85           01010101   85
01010110   86           01010110   86
01010111   87           01010111   87
01011000   88           01011000   88
01011001   89           01011001   89
01011010   90           01011010   90
01011011   91           01011011   91
01011100   92           01011100   92
01011101   93           01011101   93
01011110   94           01011110   94
01011111   95           01011111   95
01100000   96           01100000   96
01100001   97           01100001   97
01100010   98           01100010   98
01100011   99           01100011   99
01100100  100           01100100  100
01100101  101           01100101  101
01100110  102           01100110  102
01100111  103           01100111  103
01101000  104           01101000  104
01101001  105           01101001  105
01101010  106           01101010  106
01101011  107           01101011  107
01101100  108           01101100  108
01101101  109           01101101  109
01101110  110           01101110  110
01101111  111           01101111  111
01110000  112           01110000  112
01110001  113           01110001  113
01110010  114           01110010  114
01110011  115           01110011  115
01110100  116           01110100  116
01110101  117           01110101  117
01110110  118           01110110  118
01110111  119           01110111  119
01111000  120           01111000  120
01111001  121           01111001  121
01111010  122           01111010  122
01111011  123           01111011  123
01111100  124           01111100  124
01111101  125           01111101  125
01111110  126           01111110  126
01111111  127           01111111  127
10000000  128           10000000  -128
10000001  129           10000001  -127
10000010  130           10000010  -126
10000011  131           10000011  -125
10000100  132           10000100  -124
10000101  133           10000101  -123
10000110  134           10000110  -122
10000111  135           10000111  -121
10001000  136           10001000  -120
10001001  137           10001001  -119
10001010  138           10001010  -118
10001011  139           10001011  -117
10001100  140           10001100  -116
10001101  141           10001101  -115
10001110  142           10001110  -114
10001111  143           10001111  -113
10010000  144           10010000  -112
10010001  145           10010001  -111
10010010  146           10010010  -110
10010011  147           10010011  -109
10010100  148           10010100  -108
10010101  149           10010101  -107
10010110  150           10010110  -106
10010111  151           10010111  -105
10011000  152           10011000  -104
10011001  153           10011001  -103
10011010  154           10011010  -102
10011011  155           10011011  -101
10011100  156           10011100  -100
10011101  157           10011101  -99
10011110  158           10011110  -98
10011111  159           10011111  -97
10100000  160           10100000  -96
10100001  161           10100001  -95
10100010  162           10100010  -94
10100011  163           10100011  -93
10100100  164           10100100  -92
10100101  165           10100101  -91
10100110  166           10100110  -90
10100111  167           10100111  -89
10101000  168           10101000  -88
10101001  169           10101001  -87
10101010  170           10101010  -86
10101011  171           10101011  -85
10101100  172           10101100  -84
10101101  173           10101101  -83
10101110  174           10101110  -82
10101111  175           10101111  -81
10110000  176           10110000  -80
10110001  177           10110001  -79
10110010  178           10110010  -78
10110011  179           10110011  -77
10110100  180           10110100  -76
10110101  181           10110101  -75
10110110  182           10110110  -74
10110111  183           10110111  -73
10111000  184           10111000  -72
10111001  185           10111001  -71
10111010  186           10111010  -70
10111011  187           10111011  -69
10111100  188           10111100  -68
10111101  189           10111101  -67
10111110  190           10111110  -66
10111111  191           10111111  -65
11000000  192           11000000  -64
11000001  193           11000001  -63
11000010  194           11000010  -62
11000011  195           11000011  -61
11000100  196           11000100  -60
11000101  197           11000101  -59
11000110  198           11000110  -58
11000111  199           11000111  -57
11001000  200           11001000  -56
11001001  201           11001001  -55
11001010  202           11001010  -54
11001011  203           11001011  -53
11001100  204           11001100  -52
11001101  205           11001101  -51
11001110  206           11001110  -50
11001111  207           11001111  -49
11010000  208           11010000  -48
11010001  209           11010001  -47
11010010  210           11010010  -46
11010011  211           11010011  -45
11010100  212           11010100  -44
11010101  213           11010101  -43
11010110  214           11010110  -42
11010111  215           11010111  -41
11011000  216           11011000  -40
11011001  217           11011001  -39
11011010  218           11011010  -38
11011011  219           11011011  -37
11011100  220           11011100  -36
11011101  221           11011101  -35
11011110  222           11011110  -34
11011111  223           11011111  -33
11100000  224           11100000  -32
11100001  225           11100001  -31
11100010  226           11100010  -30
11100011  227           11100011  -29
11100100  228           11100100  -28
11100101  229           11100101  -27
11100110  230           11100110  -26
11100111  231           11100111  -25
11101000  232           11101000  -24
11101001  233           11101001  -23
11101010  234           11101010  -22
11101011  235           11101011  -21
11101100  236           11101100  -20
11101101  237           11101101  -19
11101110  238           11101110  -18
11101111  239           11101111  -17
11110000  240           11110000  -16
11110001  241           11110001  -15
11110010  242           11110010  -14
11110011  243           11110011  -13
11110100  244           11110100  -12
11110101  245           11110101  -11
11110110  246           11110110  -10
11110111  247           11110111   -9
11111000  248           11111000   -8
11111001  249           11111001   -7
11111010  250           11111010   -6
11111011  251           11111011   -5
11111100  252           11111100   -4
11111101  253           11111101   -3
11111110  254           11111110   -2
11111111  255           11111111   -1
