// Run times for various programs:

PrintArray
(N, seconds)
(1000, 0.009)
(2000, 0.015)
(4000, 0.020)
(8000, 0.031)
(16000, 0.062)
(32000, 0.093)
(64000, 0.14)
(128000, 0.23)
(256000, 0.37)
(512000, 0.67)
(1024000, 1.28)
(2048000, 2.5)
(4096000, 5.2)

Print Triangle 
(125, .04) 
(250, .12) 
(500, .36) 
(1000, 1.2) 
(2000, 4.6) 
(4000, 18.2)

Print Times Table
(125,   .52) 
(250,   1.4) 
(500,   3.0) 
(1000, 10.1) 
(2000, 40.1) 
(4000, 166.4)

// BubbleSort
// Eventually quadratic behavior
// Double the input size, quadruple the runtime
(N, seconds)
(1000, 0.9)
(2000, 0.9)
(4000, 1.2)
(8000, 1.9)
(16000, 4.8)
(32000, 1.7)
(64000, 7.1)
(128000, 26.9)
(256000, 107.2)
(512000, 435.2)

 


